 female married nevermar wkswork wsal age hsdeg somecol colldeg msdoc hrswkd nonwht hispanic stateid
 0 1 0 52 18000 49 1 0 0 0 40 0 0 31
 0 0 1 52 25608 28 0 1 0 0 40 0 0 31
 1 0 1 52 21000 34 0 1 0 0 40 0 0 31
 0 1 0 52 128500 46 0 0 1 0 40 0 0 31
 0 0 1 52 32000 28 0 0 1 0 40 0 0 31
 0 1 0 52 40000 45 0 1 0 0 40 0 0 31
 0 0 1 52 6000 49 0 1 0 0 50 0 0 31
 1 0 0 52 23000 44 1 0 0 0 50 0 0 31
 0 0 1 52 53000 51 0 1 0 0 50 0 0 31
 0 0 0 52 39000 48 1 0 0 0 40 0 0 31
 1 0 0 52 21000 56 1 0 0 0 40 0 0 31
 0 1 0 52 32000 61 0 0 1 0 48 0 0 31
 1 0 0 52 38000 31 0 0 1 0 40 0 0 31
 1 0 1 52 9500 30 0 1 0 0 40 0 0 31
 0 1 0 52 46000 55 1 0 0 0 50 0 1 31
 1 1 0 52 30000 49 1 0 0 0 40 0 0 31
 0 0 0 52 32000 30 0 0 0 0 40 0 1 31
 0 1 0 52 128500 46 0 0 1 0 50 0 0 31
 1 1 0 52 20000 42 0 1 0 0 40 1 0 31
 0 1 0 52 33000 52 1 0 0 0 40 0 0 31
 0 1 0 52 2000 61 0 1 0 0 35 0 0 31
 0 0 0 52 137000 53 0 1 0 0 40 0 0 31
 1 0 0 52 20000 28 0 1 0 0 40 0 0 31
 1 1 0 52 98000 55 0 0 0 1 40 0 0 31
 0 1 0 52 45000 29 0 0 0 1 50 0 0 31
 1 1 0 52 32000 29 0 0 1 0 40 0 0 31
 0 1 0 52 24000 46 0 0 1 0 60 0 0 31
 1 1 0 52 42000 42 0 0 1 0 40 0 0 31
 0 1 0 52 25535 59 0 1 0 0 45 0 0 31
 0 1 0 52 50000 52 0 1 0 0 40 0 0 31
 0 1 0 52 35000 40 0 1 0 0 42 0 0 31
 1 1 0 52 25000 39 1 0 0 0 40 0 0 31
 0 1 0 52 40000 58 0 1 0 0 40 0 0 31
 1 1 0 52 35000 47 0 1 0 0 38 0 0 31
 1 1 0 51 24400 46 0 0 1 0 50 0 0 31
 0 1 0 51 42500 48 0 1 0 0 65 0 0 31
 0 1 0 49 40104 59 0 1 0 0 43 0 0 31
 1 0 1 52 15000 26 0 0 0 0 36 0 0 31
 0 1 0 52 38000 33 0 1 0 0 45 0 0 31
 1 0 0 52 68000 55 0 0 1 0 40 0 0 31
 1 1 0 52 35000 38 0 0 1 0 40 0 0 31
 0 1 0 52 50000 38 0 0 0 0 40 0 0 31
 0 1 0 52 5000 53 1 0 0 0 60 0 0 31
 0 1 0 52 42001 48 0 0 0 0 38 1 0 31
 1 0 0 52 18000 30 0 1 0 0 60 0 0 31
 1 0 1 52 20000 34 1 0 0 0 40 0 0 31
 0 0 0 52 45000 59 0 1 0 0 48 0 0 31
 0 0 1 52 38670 41 0 0 1 0 50 0 0 31
 0 1 0 52 55000 30 0 0 1 0 42 0 0 31
 1 1 0 52 52000 27 0 1 0 0 50 0 0 31
 0 1 0 52 50000 44 0 1 0 0 60 0 0 31
 0 1 0 52 53000 53 0 0 1 0 50 0 0 31
 1 1 0 52 48000 54 0 0 0 1 55 0 0 31
 1 1 0 52 30000 30 0 0 1 0 50 0 0 31
 0 1 0 52 40000 42 0 1 0 0 65 0 0 31
 1 1 0 52 21200 48 0 0 1 0 40 0 0 31
 1 0 1 52 42000 25 1 0 0 0 40 1 0 31
 0 0 1 52 52000 29 0 1 0 0 40 1 0 31
 1 1 0 52 31000 26 0 0 1 0 50 0 0 31
 0 0 1 52 16000 28 1 0 0 0 40 1 0 31
 1 1 0 52 18200 56 1 0 0 0 35 0 0 31
 0 1 0 52 20000 56 1 0 0 0 80 0 0 31
 1 1 0 52 20000 59 0 1 0 0 50 0 0 31
 1 1 0 52 40000 39 1 0 0 0 80 0 0 31
 0 1 0 52 45000 30 0 0 1 0 70 0 0 31
 0 1 0 52 32000 33 0 1 0 0 50 0 0 31
 0 0 0 52 28000 44 1 0 0 0 45 0 0 31
 0 0 0 52 14000 44 1 0 0 0 60 0 0 31
 1 1 0 52 22880 45 1 0 0 0 40 0 0 31
 0 1 0 52 55000 46 1 0 0 0 45 0 0 31
 0 1 0 52 40000 53 1 0 0 0 80 0 0 31
 0 1 0 52 42000 48 0 1 0 0 60 0 0 31
 0 1 0 52 130000 39 0 1 0 0 60 0 0 31
 0 0 0 52 15000 42 0 1 0 0 45 1 0 31
 0 0 1 52 40000 35 0 0 1 0 45 1 0 31
 1 0 1 52 20000 29 0 1 0 0 40 1 0 31
 0 1 0 52 38480 35 1 0 0 0 40 1 0 31
 0 1 0 52 56000 44 0 1 0 0 40 0 0 31
 1 1 0 52 1000 36 1 0 0 0 58 0 0 31
 0 1 0 52 57000 38 0 0 1 0 45 0 0 31
 0 1 0 52 67000 30 0 0 1 0 65 0 0 31
 1 1 0 52 29000 31 0 1 0 0 40 0 0 31
 0 1 0 52 40000 61 1 0 0 0 45 0 0 31
 1 1 0 52 17000 55 1 0 0 0 42 0 0 31
 1 0 0 52 200 57 1 0 0 0 53 0 0 31
 1 1 0 52 50000 53 1 0 0 0 45 0 0 31
 0 1 0 52 60000 50 1 0 0 0 65 0 0 31
 1 0 0 52 26000 45 1 0 0 0 40 0 0 31
 0 0 1 52 24000 52 1 0 0 0 45 0 0 31
 0 1 0 52 28000 29 0 0 1 0 45 0 0 31
 1 1 0 52 30000 28 0 0 1 0 45 0 0 31
 1 1 0 52 14000 32 0 1 0 0 35 0 0 31
 0 1 0 52 45000 33 1 0 0 0 55 0 0 31
 0 0 1 52 50000 28 0 1 0 0 40 0 0 31
 0 1 0 52 150000 57 0 0 0 1 45 0 0 31
 1 1 0 52 27500 29 0 1 0 0 40 0 0 31
 0 1 0 52 138000 28 0 0 1 0 40 0 0 31
 1 0 0 52 18500 58 1 0 0 0 35 0 0 31
 1 1 0 52 50000 60 1 0 0 0 40 0 0 31
 0 0 1 52 34000 24 1 0 0 0 40 0 0 31
 1 0 0 52 22500 58 1 0 0 0 40 0 0 31
 0 1 0 52 60000 60 0 0 0 1 40 0 0 31
 1 1 0 52 37000 59 0 0 1 0 40 0 0 31
 1 1 0 52 27000 52 1 0 0 0 40 0 0 31
 0 1 0 52 21000 53 0 0 0 0 40 0 0 31
 1 1 0 52 36000 38 1 0 0 0 40 0 0 31
 0 1 0 52 48000 41 0 1 0 0 40 0 0 31
 1 1 0 52 49000 53 0 1 0 0 40 0 0 31
 0 1 0 52 30000 31 1 0 0 0 40 0 0 31
 1 0 0 52 18000 51 0 1 0 0 35 0 0 31
 0 1 0 52 30000 53 1 0 0 0 40 0 0 31
 0 0 0 52 16000 24 1 0 0 0 40 0 0 31
 0 1 0 52 140000 50 0 1 0 0 50 0 0 31
 0 1 0 52 55000 35 0 1 0 0 40 0 0 31
 1 1 0 52 27000 36 0 0 1 0 40 0 0 31
 1 1 0 52 65000 52 0 0 1 0 40 0 0 31
 0 1 0 52 60000 51 0 0 1 0 45 0 0 31
 1 1 0 52 38119 49 0 1 0 0 40 0 0 31
 0 1 0 52 90000 50 0 1 0 0 50 0 0 31
 0 1 0 52 85000 57 0 1 0 0 40 0 0 31
 0 1 0 52 33000 52 1 0 0 0 40 0 0 31
 1 1 0 52 70000 51 0 0 1 0 40 0 0 31
 1 1 0 52 30000 44 0 0 1 0 40 0 0 31
 0 1 0 52 50000 44 0 0 1 0 40 0 0 31
 1 1 0 52 34000 52 1 0 0 0 55 0 0 31
 0 1 0 52 11000 46 1 0 0 0 60 0 0 31
 0 0 1 52 31000 36 0 0 1 0 40 0 0 31
 0 0 1 52 28931 37 1 0 0 0 40 0 0 31
 1 1 0 52 30000 53 0 0 1 0 40 0 0 31
 0 1 0 52 100000 59 0 0 1 0 40 0 0 31
 0 0 1 52 51000 60 0 1 0 0 40 0 0 31
 0 1 0 52 80000 35 0 0 0 1 40 0 0 31
 1 0 0 52 68000 54 0 0 1 0 40 0 0 31
 1 0 1 52 61000 24 0 0 1 0 38 1 0 31
 1 1 0 52 36000 37 0 0 0 1 40 0 0 31
 0 1 0 52 120000 36 0 0 0 1 40 0 0 31
 1 1 0 52 96000 56 0 0 0 1 40 0 0 31
 0 1 0 52 43000 55 0 1 0 0 40 0 0 31
 1 1 0 52 12000 58 0 1 0 0 40 0 0 31
 0 1 0 52 20000 58 1 0 0 0 50 0 0 31
 0 1 0 52 29000 25 0 0 0 0 39 0 1 31
 1 0 0 52 28000 61 0 0 0 0 39 0 1 31
 0 1 0 52 45900 40 0 0 0 0 40 1 1 31
 0 1 0 52 60000 52 0 1 0 0 40 0 0 31
 0 1 0 52 33000 58 0 0 1 0 40 0 0 31
 1 1 0 52 30000 55 0 1 0 0 50 0 0 31
 1 0 1 52 20000 25 0 1 0 0 40 0 0 31
 1 0 1 52 27000 43 0 1 0 0 35 0 0 31
 0 1 0 52 35000 54 1 0 0 0 35 0 0 31
 0 1 0 52 34300 32 1 0 0 0 45 0 0 31
 0 1 0 52 57000 33 0 1 0 0 36 0 0 31
 0 1 0 52 8000 45 0 1 0 0 40 1 1 31
 1 0 1 52 8000 24 0 1 0 0 40 0 0 31
 0 0 0 52 41000 44 0 1 0 0 60 0 1 31
 1 0 1 52 9000 27 0 0 0 0 40 0 1 31
 0 0 0 52 40000 44 1 0 0 0 40 0 1 31
 1 0 0 52 32000 51 1 0 0 0 40 0 1 31
 1 1 0 52 25000 37 0 0 0 1 40 0 0 31
 0 0 0 52 36000 53 1 0 0 0 52 0 1 31
 1 0 0 52 16000 42 0 0 0 0 40 0 1 31
 0 1 0 52 60000 40 0 0 1 0 45 0 0 31
 1 1 0 52 25480 56 0 0 0 1 70 0 0 31
 0 1 0 52 50560 53 1 0 0 0 40 0 0 31
 1 1 0 52 21000 30 0 0 0 0 40 0 1 31
 1 0 0 52 120000 39 0 1 0 0 40 0 0 31
 0 0 1 52 38000 29 0 1 0 0 45 0 0 31
 1 1 0 52 30000 27 1 0 0 0 40 0 0 31
 0 1 0 52 55000 29 1 0 0 0 50 0 0 31
 0 0 0 52 26000 60 0 0 0 0 40 0 1 31
 1 1 0 52 32000 41 0 0 0 0 40 0 1 31
 0 1 0 52 32000 44 0 0 0 0 40 0 1 31
 1 0 1 52 16000 25 1 0 0 0 40 0 1 31
 1 0 0 52 32000 61 1 0 0 0 40 0 0 31
 0 1 0 52 85000 60 0 1 0 0 40 0 0 31
 1 1 0 52 65000 60 0 1 0 0 40 0 0 31
 1 0 1 52 130000 30 0 0 0 1 40 0 0 31
 1 1 0 52 29000 51 0 0 0 0 40 0 1 31
 0 1 0 52 21000 46 0 0 0 0 40 0 1 31
 0 0 1 52 18000 31 0 0 0 0 35 0 0 31
 0 1 0 52 55000 52 0 1 0 0 36 0 0 31
 1 1 0 52 32760 32 0 1 0 0 40 0 0 31
 0 1 0 52 44000 58 1 0 0 0 40 0 0 31
 1 0 1 52 21000 27 0 1 0 0 40 0 1 31
 0 0 1 52 30000 27 0 1 0 0 80 0 1 31
 1 1 0 52 21000 31 0 0 0 0 40 0 1 31
 0 1 0 52 30000 40 1 0 0 0 56 0 1 31
 1 1 0 52 26000 37 1 0 0 0 40 0 1 31
 0 1 0 52 26000 38 1 0 0 0 40 0 1 31
 0 1 0 52 79000 42 0 1 0 0 45 0 0 31
 1 1 0 52 44000 44 1 0 0 0 40 0 1 31
 0 0 1 49 35000 47 1 0 0 0 41 0 1 31
 0 1 0 52 28000 37 1 0 0 0 40 0 1 31
 0 1 0 52 36000 27 0 0 0 0 36 0 1 31
 0 1 0 52 75000 36 1 0 0 0 40 0 0 31
 1 1 0 52 35000 35 0 1 0 0 40 0 0 31
 0 1 0 52 100000 34 0 1 0 0 50 0 0 31
 1 1 0 52 23280 49 0 1 0 0 40 0 0 31
 0 1 0 52 35000 45 1 0 0 0 45 0 0 31
 1 1 0 52 45000 47 1 0 0 0 40 0 1 31
 0 1 0 52 30000 48 0 0 0 0 40 0 1 31
 1 1 0 52 72000 61 0 0 1 0 40 0 0 31
 0 1 0 52 57800 54 0 1 0 0 48 0 0 31
 1 1 0 52 38000 54 0 1 0 0 40 0 0 31
 1 1 0 52 300000 40 0 0 1 0 40 0 0 31
 0 1 0 52 100002 42 0 0 0 1 40 0 0 31
 0 1 0 52 170002 44 0 0 1 0 45 0 0 31
 1 0 0 52 86000 53 0 0 1 0 80 0 0 31
 0 1 0 52 100000 51 0 0 1 0 45 0 0 31
 1 1 0 52 250000 40 0 0 0 1 60 0 0 31
 1 0 1 52 35000 27 0 1 0 0 40 0 0 31
 0 0 0 52 61000 55 1 0 0 0 45 0 0 31
 0 0 1 52 45000 25 0 1 0 0 40 0 1 31
 1 0 0 52 38000 54 0 0 1 0 40 0 1 31
 0 0 1 52 12500 27 0 1 0 0 40 0 0 31
 1 0 0 52 26000 63 0 0 0 0 40 0 0 31
 0 1 0 52 100000 33 0 0 0 1 50 0 0 31
 0 1 0 52 30000 38 0 0 1 0 40 0 0 31
 1 1 0 52 35000 28 0 0 0 1 40 0 0 31
 1 0 1 52 20000 25 0 0 1 0 40 0 0 31
 1 0 0 52 28000 49 1 0 0 0 40 0 0 31
 0 1 0 52 140000 34 0 0 1 0 50 0 0 31
 1 1 0 52 29000 33 0 1 0 0 35 0 0 31
 0 1 0 52 57000 32 0 1 0 0 40 0 1 31
 1 1 0 52 27352 32 0 1 0 0 40 0 0 31
 0 0 0 52 60000 42 1 0 0 0 40 0 0 31
 0 0 1 52 33000 42 0 1 0 0 40 0 0 31
 0 1 0 52 92002 60 0 0 1 0 45 0 0 31
 1 1 0 52 70002 59 0 0 0 1 40 0 0 31
 0 0 1 52 23000 35 0 1 0 0 40 0 0 31
 0 1 0 52 50002 48 0 1 0 0 45 0 0 31
 1 1 0 52 60002 53 1 0 0 0 45 0 0 31
 0 1 0 52 65000 52 1 0 0 0 48 0 0 31
 1 0 1 52 34000 31 0 1 0 0 40 0 0 31
 1 0 0 52 30000 42 0 1 0 0 40 0 0 31
 0 1 0 52 80000 29 0 0 1 0 45 0 0 31
 1 0 1 52 43000 36 0 1 0 0 40 0 0 31
 0 0 1 52 100256 51 0 0 1 0 42 0 0 31
 0 1 0 52 40000 44 0 0 1 0 40 0 0 31
 1 1 0 52 63000 56 0 0 1 0 40 0 0 31
 1 0 1 52 50000 27 0 0 0 1 40 0 0 31
 1 0 1 52 50686 48 0 0 1 0 38 0 0 31
 0 0 1 52 27000 30 0 1 0 0 40 0 0 31
 1 0 1 52 27000 25 0 1 0 0 40 0 0 31
 0 0 0 52 45000 45 0 1 0 0 40 0 0 31
 1 0 0 52 46000 47 0 0 0 1 45 0 0 31
 1 1 0 52 40000 29 0 0 0 1 45 0 0 31
 0 1 0 52 45000 30 0 0 0 1 45 0 0 31
 1 1 0 52 175000 60 0 0 0 1 60 0 0 31
 0 1 0 52 30000 61 0 1 0 0 40 0 0 31
 1 1 0 50 30000 58 0 0 1 0 48 0 0 31
 0 0 1 52 48000 55 1 0 0 0 50 1 0 31
 0 0 1 52 40000 51 0 0 0 0 40 1 0 31
 0 1 0 52 50000 32 0 1 0 0 40 0 0 31
 1 1 0 52 30000 31 0 0 1 0 40 0 0 31
 1 0 0 52 30000 51 0 1 0 0 42 0 0 31
 1 0 1 52 40000 39 0 1 0 0 40 1 0 31
 1 0 1 52 40000 27 0 1 0 0 50 0 0 31
 0 0 1 52 31200 25 0 1 0 0 40 0 0 31
 0 0 1 52 42000 37 0 0 0 1 40 1 0 31
 1 0 1 52 55000 34 0 0 0 1 40 1 0 31
 1 1 0 52 80000 46 0 0 0 1 60 0 0 31
 1 1 0 52 57000 56 0 0 1 0 52 0 0 31
 0 1 0 52 60000 24 0 0 1 0 40 1 0 31
 1 1 0 52 30000 25 0 0 1 0 40 0 0 31
 1 0 1 52 60000 31 0 1 0 0 45 1 0 31
 0 0 1 52 30000 34 0 1 0 0 80 0 0 31
 0 1 0 52 55000 43 1 0 0 0 40 0 0 31
 0 0 1 52 90000 25 0 0 1 0 50 1 0 31
 0 0 1 52 50000 27 0 0 1 0 40 0 1 31
 0 0 0 52 18000 45 0 0 1 0 35 1 1 31
 1 1 0 52 23000 32 0 1 0 0 40 0 1 31
 1 0 0 52 8400 54 1 0 0 0 40 0 0 31
 1 0 0 52 40002 45 0 0 0 1 40 0 0 31
 0 0 1 52 50002 39 0 1 0 0 40 0 0 31
 0 1 0 52 90000 40 0 0 1 0 40 0 0 31
 1 1 0 52 31000 40 1 0 0 0 45 0 0 31
 0 1 0 52 43000 40 1 0 0 0 52 0 0 31
 0 1 0 52 28000 27 0 0 1 0 40 1 0 31
 1 1 0 52 70000 55 0 0 0 1 40 0 0 31
 0 1 0 52 40000 55 1 0 0 0 40 0 0 31
 1 1 0 52 32000 36 0 1 0 0 40 0 0 31
 0 1 0 52 29120 41 1 0 0 0 40 0 0 31
 0 1 0 52 55000 40 0 0 1 0 40 0 0 31
 0 1 0 52 25000 37 1 0 0 0 40 1 0 31
 1 1 0 52 100000 26 1 0 0 0 40 0 0 31
 1 0 0 52 52000 36 0 1 0 0 40 0 0 31
 0 1 0 52 120000 42 0 0 0 1 60 0 0 31
 0 1 0 52 42000 25 0 1 0 0 40 0 0 31
 0 1 0 52 40000 39 0 0 1 0 50 0 0 31
 0 1 0 52 60000 30 1 0 0 0 45 0 0 31
 1 1 0 52 45000 36 1 0 0 0 40 0 0 31
 0 0 1 52 45000 39 1 0 0 0 40 0 0 31
 0 0 0 52 45000 34 0 1 0 0 40 0 1 31
 0 0 1 52 40000 31 0 1 0 0 40 0 0 31
 0 1 0 52 73000 42 0 1 0 0 56 1 1 31
 1 1 0 52 65000 35 0 0 0 1 44 0 0 31
 0 1 0 52 35000 40 1 0 0 0 40 0 0 31
 0 0 0 52 49000 55 0 1 0 0 75 0 0 31
 0 0 1 52 37000 33 0 1 0 0 42 0 0 31
 1 0 0 52 24960 38 0 0 1 0 40 0 0 31
 0 0 1 52 40002 57 0 1 0 0 40 0 0 31
 0 1 0 52 65002 52 0 0 0 1 50 0 0 31
 0 1 0 52 36002 25 0 0 1 0 40 0 0 31
 1 1 0 52 36000 24 0 0 1 0 40 0 0 31
 0 0 0 52 38000 56 0 1 0 0 50 0 0 31
 0 0 1 52 40400 45 0 1 0 0 57 0 0 31
 1 1 0 52 22000 55 0 1 0 0 35 0 0 31
 0 1 0 52 95000 58 0 1 0 0 45 0 0 31
 0 0 0 52 20000 39 1 0 0 0 40 0 0 31
 0 0 0 52 30000 39 1 0 0 0 40 0 0 31
 0 1 0 52 50000 56 1 0 0 0 40 0 0 31
 1 1 0 52 42000 54 0 1 0 0 40 0 0 31
 1 1 0 52 50000 50 1 0 0 0 40 0 0 31
 0 1 0 52 18484 48 0 1 0 0 40 0 0 31
 0 1 0 52 34000 53 0 1 0 0 45 0 0 31
 1 1 0 52 18000 50 0 0 1 0 50 0 0 31
 1 1 0 52 14000 32 0 1 0 0 36 0 0 31
 0 1 0 52 34000 31 0 1 0 0 45 0 0 31
 1 1 0 52 60000 41 0 0 0 1 40 0 0 31
 0 1 0 52 38000 40 0 1 0 0 50 0 0 31
 1 1 0 52 50000 31 0 0 1 0 40 0 0 31
 0 1 0 52 49000 32 0 1 0 0 56 0 0 31
 0 1 0 52 30000 32 0 1 0 0 40 0 0 31
 0 1 0 52 50000 38 1 0 0 0 40 0 0 31
 0 1 0 52 150000 52 0 1 0 0 50 0 0 31
 1 1 0 52 90002 49 0 0 0 1 50 0 0 31
 0 1 0 52 86000 35 0 1 0 0 55 0 0 31
 1 0 0 52 36000 57 0 1 0 0 40 0 0 31
 1 0 0 52 54000 43 0 1 0 0 70 0 0 31
 1 1 0 52 26000 43 0 1 0 0 40 0 0 31
 0 1 0 52 80000 42 1 0 0 0 40 0 0 31
 0 0 0 52 128500 34 0 1 0 0 40 0 0 31
 1 1 0 52 66000 48 1 0 0 0 60 0 0 31
 0 0 1 52 25000 36 0 1 0 0 40 0 0 31
 1 0 1 52 68000 48 0 0 1 0 50 0 0 31
 0 1 0 52 52000 39 1 0 0 0 40 0 0 31
 1 1 0 52 42000 41 0 0 1 0 40 0 0 31
 0 1 0 52 60000 59 0 1 0 0 43 0 0 31
 0 0 1 52 340000 39 0 0 0 1 50 0 0 31
 0 0 1 52 45000 36 0 1 0 0 45 0 0 31
 0 1 0 52 130000 49 0 0 1 0 40 0 0 31
 1 1 0 52 24000 32 0 1 0 0 36 0 0 31
 0 1 0 52 175000 33 0 0 1 0 50 0 0 31
 0 1 0 52 118000 59 0 0 0 1 50 0 0 31
 0 1 0 52 55000 30 0 0 1 0 50 0 0 31
 0 0 1 52 115000 37 0 0 1 0 40 0 0 31
 1 0 0 52 25000 47 0 1 0 0 40 0 0 31
 1 1 0 52 56900 63 0 1 0 0 41 0 0 31
 0 1 0 52 80000 63 0 1 0 0 60 0 0 31
 0 1 0 52 50002 38 0 1 0 0 40 0 0 31
 0 1 0 52 72000 36 0 1 0 0 52 0 0 31
 0 0 1 52 75000 27 0 0 1 0 45 0 0 31
 0 1 0 52 30000 25 0 0 1 0 42 0 0 31
 1 1 0 52 34000 25 0 1 0 0 40 0 0 31
 1 1 0 52 56000 38 0 1 0 0 40 0 0 31
 0 1 0 52 210000 46 0 1 0 0 40 0 0 31
 0 1 0 52 48000 34 0 0 1 0 40 0 0 31
 1 1 0 52 60000 35 0 0 0 1 40 0 0 31
 0 0 1 52 39000 28 0 0 1 0 40 0 0 31
 1 1 0 52 120000 41 0 0 1 0 40 0 0 31
 0 1 0 52 40000 40 0 0 1 0 40 0 0 31
 1 1 0 52 25000 31 0 1 0 0 40 0 0 31
 0 1 0 52 85000 32 0 0 0 1 50 0 0 31
 1 0 0 52 30000 58 0 0 1 0 40 0 0 31
 1 0 0 52 54000 51 0 1 0 0 60 1 0 31
 1 0 0 52 56000 64 1 0 0 0 40 0 0 31
 1 0 0 52 42000 54 0 1 0 0 40 0 0 31
 0 0 1 52 37000 27 0 0 1 0 40 0 0 31
 1 0 1 52 42000 25 0 0 0 1 40 0 0 31
 0 1 0 52 31000 62 0 1 0 0 50 0 0 31
 0 1 0 52 130000 43 0 0 1 0 40 0 0 31
 0 1 0 52 74000 61 0 0 1 0 50 0 0 31
 0 0 1 52 88000 24 0 0 1 0 40 0 0 31
 0 1 0 52 88000 38 0 0 0 1 45 0 0 31
 1 1 0 52 65000 32 0 0 1 0 40 0 0 31
 0 1 0 52 80000 41 0 0 1 0 40 0 0 31
 1 1 0 52 50000 30 0 0 1 0 40 0 0 31
 0 0 1 50 26700 24 0 0 1 0 40 0 0 31
 0 0 1 52 23500 24 1 0 0 0 40 0 0 31
 0 1 0 52 48000 27 0 0 1 0 40 0 0 31
 1 1 0 52 35000 25 0 0 1 0 40 0 0 31
 1 1 0 52 29000 35 0 1 0 0 40 0 0 31
 0 1 0 52 40000 38 0 1 0 0 50 0 0 31
 1 1 0 52 30000 50 0 1 0 0 40 0 0 31
 0 1 0 52 52000 40 0 0 1 0 40 0 0 31
 1 1 0 52 50000 40 0 0 1 0 40 0 0 31
 0 0 0 52 70000 52 0 0 0 1 40 0 0 31
 1 0 0 52 37000 64 1 0 0 0 42 0 0 31
 1 1 0 52 39000 59 1 0 0 0 45 1 0 31
 0 1 0 52 60000 62 0 0 1 0 55 1 0 31
 0 0 0 52 27852 31 0 0 1 0 41 0 0 31
 1 0 1 52 40000 54 0 0 1 0 40 0 0 31
 0 0 0 52 80000 46 0 0 1 0 40 0 0 31
 1 0 1 52 69001 63 0 0 0 1 40 0 0 31
 0 0 0 52 14000 44 0 0 0 0 35 0 1 31
 1 1 0 52 73000 51 0 1 0 0 55 0 0 31
 1 0 0 52 51000 61 0 1 0 0 40 0 0 31
 1 0 1 52 44000 28 0 0 1 0 40 0 0 31
 0 0 1 52 54000 29 0 0 1 0 52 0 1 31
 1 1 0 52 52000 50 0 0 1 0 50 0 0 31
 0 1 0 52 39000 59 1 0 0 0 40 0 0 31
 1 0 1 52 45000 32 0 1 0 0 40 0 0 31
 1 1 0 52 50000 37 0 0 0 1 75 0 0 31
 1 1 0 52 12000 37 0 0 0 0 40 0 1 31
 0 0 1 52 40000 26 0 1 0 0 36 0 1 31
 1 0 1 52 54000 45 1 0 0 0 40 0 0 31
 0 0 1 52 50000 45 0 0 1 0 40 0 0 31
 0 0 1 52 35000 45 1 0 0 0 40 0 0 31
 1 0 0 52 20000 60 1 0 0 0 40 0 0 31
 0 1 0 52 37000 53 0 0 1 0 45 0 0 31
 1 1 0 52 50000 51 0 0 1 0 60 0 0 31
 1 0 1 52 33000 40 0 0 1 0 40 0 0 31
 0 0 0 52 50000 54 0 0 1 0 40 0 0 31
 0 1 0 52 140000 34 0 0 1 0 40 0 0 31
 1 1 0 52 40000 34 0 0 0 1 40 0 0 31
 0 1 0 52 90000 57 0 0 0 1 55 0 0 31
 0 1 0 52 210000 51 0 1 0 0 60 0 0 31
 0 0 1 52 38000 27 0 0 1 0 47 0 0 31
 1 1 0 52 42000 26 0 1 0 0 40 0 0 31
 1 1 0 52 24000 42 1 0 0 0 40 1 0 31
 1 1 0 52 40000 64 1 0 0 0 40 0 0 31
 0 0 0 52 75000 50 0 1 0 0 40 0 0 31
 1 1 0 52 45000 33 0 0 0 1 40 0 0 31
 0 1 0 52 45000 33 0 0 0 1 45 0 0 31
 0 1 0 52 40000 53 0 1 0 0 50 0 0 31
 1 1 0 52 40000 53 1 0 0 0 40 0 0 31
 0 0 0 52 50000 31 0 0 1 0 40 0 0 31
 1 1 0 52 52000 58 0 1 0 0 40 0 0 31
 1 1 0 52 29000 39 0 1 0 0 40 0 0 31
 0 1 0 52 92000 38 1 0 0 0 50 0 0 31
 1 0 1 52 15000 31 1 0 0 0 55 0 0 31
 0 0 1 52 60000 47 0 1 0 0 50 0 0 31
 0 1 0 52 50000 37 0 0 1 0 48 0 0 31
 1 1 0 52 40000 37 0 0 1 0 40 0 1 31
 0 1 0 52 126000 38 0 0 1 0 50 0 0 31
 1 1 0 52 52000 29 0 0 1 0 56 0 0 31
 0 0 1 52 40000 29 0 0 1 0 40 0 0 31
 0 0 1 52 25000 39 0 0 0 0 40 0 0 31
 0 1 0 52 40000 51 0 1 0 0 40 0 0 31
 0 0 0 52 40000 41 0 1 0 0 40 0 0 31
 0 0 0 52 35000 32 0 1 0 0 55 1 0 31
 0 1 0 52 30000 41 0 0 0 0 40 0 1 31
 0 1 0 52 30000 32 1 0 0 0 40 0 1 31
 1 1 0 52 45000 29 0 0 1 0 40 0 0 31
 0 1 0 52 11000 60 1 0 0 0 50 0 0 31
 1 0 1 52 24000 24 0 0 1 0 60 0 0 31
 1 1 0 52 57970 50 0 0 0 1 52 0 0 31
 0 1 0 52 33410 52 0 0 0 1 52 0 0 31
 1 0 1 52 42000 34 0 1 0 0 40 0 0 31
 0 0 0 52 15000 44 0 1 0 0 50 0 0 31
 1 0 0 52 35000 54 1 0 0 0 60 0 0 31
 1 1 0 52 33000 42 0 0 0 1 40 1 0 31
 0 0 0 49 28000 62 1 0 0 0 40 0 0 31
 0 1 0 52 200000 53 0 1 0 0 50 0 0 31
 0 1 0 52 200000 58 1 0 0 0 40 0 0 31
 1 1 0 52 34000 57 1 0 0 0 40 0 0 31
 1 0 1 52 62000 46 0 0 0 1 40 0 0 31
 1 0 1 52 33301 25 0 1 0 0 40 0 0 31
 0 1 0 52 68000 44 0 0 1 0 56 0 0 31
 0 1 0 52 53000 32 0 0 1 0 60 0 0 31
 1 1 0 52 62000 41 0 1 0 0 40 0 0 31
 0 0 1 52 65000 29 0 0 1 0 40 0 1 31
 0 1 0 52 60000 52 0 0 0 0 40 0 1 31
 1 0 0 52 19700 27 1 0 0 0 40 0 1 31
 1 0 1 52 60000 35 0 0 1 0 38 0 1 31
 0 1 0 52 150000 49 0 1 0 0 50 0 0 31
 1 1 0 52 100000 40 1 0 0 0 40 0 1 31
 0 1 0 52 30000 41 0 1 0 0 48 0 0 31
 0 1 0 52 20000 43 0 0 0 0 40 0 1 31
 1 1 0 52 13000 42 0 0 0 0 40 0 1 31
 0 1 0 52 25000 25 1 0 0 0 60 0 1 31
 1 0 0 52 18000 46 0 0 0 0 40 0 1 31
 0 1 0 52 80000 26 1 0 0 0 40 0 1 31
 1 1 0 52 24000 47 1 0 0 0 40 0 1 31
 0 0 1 52 32000 36 0 0 0 0 50 0 1 31
 0 1 0 52 95000 43 0 0 0 1 70 0 0 31
 1 1 0 50 145000 37 0 0 0 1 50 0 0 31
 0 1 0 52 90000 50 0 1 0 0 60 0 0 31
 1 1 0 52 101000 44 0 0 0 1 40 0 0 31
 0 1 0 52 58000 45 0 0 0 1 45 0 0 31
 0 1 0 52 77000 53 0 0 1 0 50 0 0 31
 1 1 0 52 81000 50 0 0 1 0 40 0 0 31
 0 1 0 52 65000 31 0 0 1 0 60 0 0 31
 1 1 0 52 55000 37 0 0 0 1 42 0 0 31
 0 1 0 52 43000 37 0 0 1 0 60 0 0 31
 0 1 0 52 67000 45 0 0 1 0 50 0 0 31
 1 1 0 52 78000 37 0 0 1 0 36 0 0 31
 0 1 0 52 78000 40 0 0 1 0 40 1 0 31
 0 1 0 52 100000 38 0 0 0 1 50 0 0 31
 1 1 0 52 48000 45 0 1 0 0 50 0 0 31
 0 1 0 52 58000 44 0 1 0 0 50 0 0 31
 1 1 0 52 55000 33 0 0 1 0 50 0 0 31
 0 1 0 52 85000 32 0 0 0 1 50 0 0 31
 0 1 0 52 65000 37 0 0 1 0 99 0 0 31
 1 1 0 52 52000 35 0 0 1 0 36 0 0 31
 0 1 0 52 50000 64 0 0 1 0 80 1 0 31
 1 1 0 52 72500 64 0 0 0 1 35 0 0 31
 0 1 0 52 60000 35 1 0 0 0 40 0 0 31
 0 1 0 52 35000 37 0 1 0 0 42 0 0 31
 1 1 0 52 42000 37 0 0 0 1 40 0 0 31
 0 0 0 52 72000 60 0 1 0 0 42 0 0 31
 0 1 0 50 55000 37 0 0 1 0 40 0 0 31
 1 1 0 51 70000 35 0 0 1 0 50 0 0 31
 0 0 0 52 70000 44 0 0 1 0 40 0 0 31
 0 1 0 52 100000 56 0 1 0 0 40 0 0 31
 1 1 0 52 30000 59 0 1 0 0 40 0 0 31
 1 0 1 52 46000 36 0 0 0 0 40 0 0 31
 0 1 0 52 64000 36 0 0 1 0 45 0 0 31
 0 1 0 52 51000 30 0 1 0 0 40 0 0 31
 0 1 0 52 89000 30 0 1 0 0 40 0 0 31
 0 1 0 52 159000 49 0 0 0 1 50 0 0 31
 1 1 0 52 75000 47 0 0 0 1 40 0 0 31
 0 1 0 52 67000 30 0 0 0 1 40 0 0 31
 1 1 0 52 20000 32 0 0 0 1 50 0 0 31
 1 1 0 52 62000 37 0 0 1 0 50 0 0 31
 0 1 0 52 90000 40 0 0 1 0 40 0 0 31
 1 1 0 52 28000 38 0 0 0 1 40 0 0 31
 0 1 0 52 70000 40 0 0 1 0 40 0 0 31
 0 1 0 52 73000 32 0 0 1 0 40 0 0 31
 1 1 0 52 38000 51 0 0 1 0 40 1 0 31
 1 1 0 52 42000 27 0 0 1 0 43 0 0 31
 0 1 0 52 27500 31 0 1 0 0 40 0 0 31
 1 1 0 52 45000 28 0 0 1 0 38 0 0 31
 0 1 0 52 45000 29 0 0 0 1 40 0 0 31
 0 1 0 52 83500 47 0 1 0 0 50 1 0 31
 1 1 0 50 53500 42 0 0 0 1 35 0 0 31
 0 1 0 52 175000 42 0 0 0 1 55 0 0 31
 0 1 0 52 58000 54 0 0 1 0 45 0 0 31
 1 1 0 52 50002 51 0 0 0 1 40 0 0 31
 1 1 0 52 23320 42 0 0 0 1 40 0 0 31
 0 1 0 52 500000 43 0 0 0 1 40 0 0 31
 0 0 1 52 22000 24 0 1 0 0 35 1 1 31
 0 0 0 52 95000 43 0 0 0 1 40 0 0 31
 0 1 0 52 50000 24 0 0 1 0 45 0 0 31
 0 1 0 52 100000 46 0 0 1 0 40 0 0 31
 1 1 0 52 60000 41 0 0 0 1 40 0 0 31
 0 1 0 51 45000 42 0 0 1 0 40 0 0 31
 1 1 0 51 46000 42 0 1 0 0 40 0 0 31
 0 1 0 52 80400 35 0 0 0 1 50 0 0 31
 1 1 0 52 30000 35 1 0 0 0 38 0 0 31
 1 1 0 52 60000 35 0 0 1 0 40 0 0 31
 0 1 0 52 90000 38 0 0 0 1 40 1 0 31
 1 1 0 50 73400 31 0 0 1 0 40 0 0 31
 0 1 0 52 24002 33 0 1 0 0 40 0 0 31
 0 1 0 52 40000 32 0 1 0 0 40 0 0 31
 0 0 1 52 30000 26 0 1 0 0 40 0 0 31
 1 0 1 52 30000 28 0 1 0 0 40 0 0 31
 0 1 0 52 64000 50 0 0 0 1 40 0 0 31
 1 1 0 52 86000 43 0 0 0 1 40 0 0 31
 0 1 0 52 28000 30 0 1 0 0 60 0 1 31
 1 1 0 52 37000 32 0 1 0 0 35 1 1 31
 0 1 0 52 60500 40 0 1 0 0 40 1 0 31
 0 1 0 52 120000 46 0 0 1 0 40 1 0 31
 0 1 0 52 120002 50 0 0 0 1 40 0 0 31
 0 0 0 50 37500 54 1 0 0 0 55 0 0 31
 1 1 0 52 57000 62 0 0 0 1 55 0 0 31
 0 1 0 52 39957 62 0 0 1 0 40 0 0 31
 0 1 0 51 58000 52 1 0 0 0 40 0 0 31
 1 0 1 49 23000 47 1 0 0 0 40 0 0 31
 0 1 0 52 32000 55 0 0 0 0 40 0 1 31
 0 1 0 52 60000 64 0 0 1 0 45 0 0 31
 1 1 0 52 23000 49 1 0 0 0 40 0 0 31
 0 1 0 52 95000 48 1 0 0 0 40 0 0 31
 1 0 1 52 35000 46 0 1 0 0 39 0 0 31
 0 1 0 52 57500 54 1 0 0 0 40 1 1 31
 1 1 0 52 32200 38 1 0 0 0 55 1 0 31
 0 0 1 52 40000 35 1 0 0 0 50 0 0 31
 1 0 1 52 40000 33 0 1 0 0 50 0 0 31
 1 0 1 52 47000 60 0 0 1 0 40 0 0 31
 0 1 0 50 40000 54 1 0 0 0 40 0 0 31
 0 1 0 52 52000 61 0 1 0 0 40 0 0 31
 1 1 0 52 58000 59 0 0 1 0 40 0 0 31
 0 1 0 52 52000 50 0 1 0 0 50 0 0 31
 1 1 0 52 48000 55 1 0 0 0 40 0 0 31
 0 1 0 52 46000 60 0 1 0 0 40 0 0 31
 1 1 0 52 24000 34 0 1 0 0 40 0 0 31
 0 1 0 52 31000 40 0 0 0 1 40 0 0 31
 0 1 0 52 20000 39 0 1 0 0 40 0 0 31
 0 0 0 52 50000 44 0 0 0 0 40 0 0 31
 1 1 0 52 12000 57 0 0 1 0 40 0 0 31
 0 1 0 52 62000 58 0 0 1 0 40 0 0 31
 1 1 0 52 24000 45 0 1 0 0 40 1 1 31
 0 1 0 52 24000 48 1 0 0 0 40 1 1 31
 0 1 0 52 10000 53 0 1 0 0 40 0 0 31
 1 1 0 52 120000 54 0 0 0 1 40 0 0 31
 0 1 0 52 58000 51 0 0 0 1 55 0 0 31
 1 0 1 52 27040 24 0 0 0 1 40 0 1 31
 1 0 0 52 29000 41 0 1 0 0 40 0 0 31
 1 1 0 52 40000 39 0 0 0 1 40 0 0 31
 0 1 0 52 80000 50 0 0 0 1 40 0 0 31
 0 1 0 52 47000 47 0 1 0 0 40 0 0 31
 1 1 0 52 31000 42 1 0 0 0 45 0 0 31
 1 0 0 52 10800 39 1 0 0 0 40 0 0 31
 1 0 1 52 29000 39 0 0 0 1 40 1 0 31
 0 1 0 52 70000 31 0 0 1 0 40 0 0 31
 0 1 0 52 79000 41 0 0 0 1 42 0 0 31
 0 1 0 52 20000 35 0 0 0 0 40 0 1 31
 0 0 0 52 18980 37 1 0 0 0 40 0 1 31
 1 1 0 52 17000 61 0 0 1 0 40 0 1 31
 0 1 0 52 53000 60 0 1 0 0 50 0 1 31
 0 1 0 52 20000 59 0 0 1 0 40 0 0 31
 1 1 0 52 27685 46 1 0 0 0 40 0 0 31
 0 1 0 52 27685 50 1 0 0 0 40 0 0 31
 1 0 0 52 55000 31 0 1 0 0 36 0 0 31
 0 0 1 52 790000 32 0 1 0 0 40 0 0 31
 0 1 0 52 130000 51 0 0 1 0 50 0 0 31
 1 0 0 52 23000 47 1 0 0 0 40 0 0 31
 1 0 1 52 28000 31 0 1 0 0 40 0 0 31
 1 1 0 52 12000 29 0 0 1 0 40 0 0 31
 0 1 0 52 30000 31 0 0 1 0 45 0 0 31
 1 0 0 52 32000 50 1 0 0 0 40 0 0 31
 1 1 0 52 26500 45 0 0 0 0 60 0 1 31
 0 1 0 52 40000 38 0 0 0 0 40 0 1 31
 1 0 0 52 41000 53 0 1 0 0 45 0 0 31
 0 1 0 52 60000 57 0 0 0 1 45 0 0 31
 1 1 0 52 50000 49 0 0 1 0 40 0 0 31
 0 1 0 52 40000 46 0 0 0 0 40 0 1 31
 1 1 0 52 25000 50 1 0 0 0 40 0 0 31
 0 1 0 52 30000 58 1 0 0 0 50 0 1 31
 0 0 1 52 33000 28 1 0 0 0 35 0 1 31
 0 1 0 52 75000 57 0 0 0 1 40 0 0 31
 1 1 0 52 30000 63 1 0 0 0 40 0 0 31
 1 1 0 52 26000 61 0 1 0 0 45 0 0 31
 0 1 0 52 46000 63 1 0 0 0 55 0 0 31
 0 0 1 52 35000 29 0 1 0 0 40 0 1 31
 0 0 1 52 15000 24 1 0 0 0 40 0 0 31
 0 0 1 52 68000 35 0 1 0 0 55 0 0 31
 0 0 0 52 44000 56 1 0 0 0 40 0 0 31
 0 1 0 52 22000 61 0 0 0 0 40 0 1 31
 0 0 0 52 32000 51 1 0 0 0 45 0 1 31
 0 0 0 52 30000 56 1 0 0 0 40 0 0 31
 1 0 0 52 44000 46 1 0 0 0 40 0 0 31
 0 1 0 52 30000 61 1 0 0 0 40 0 0 31
 0 1 0 52 65000 61 0 0 0 0 40 0 0 31
 0 0 1 52 40000 29 0 1 0 0 40 0 0 31
 0 0 0 52 40000 44 1 0 0 0 40 0 0 31
 0 0 1 52 18238 32 0 1 0 0 35 0 1 31
 1 1 0 52 23002 54 0 0 0 0 35 0 1 31
 1 1 0 52 27000 39 1 0 0 0 35 0 1 31
 0 1 0 52 30000 36 0 0 0 0 40 0 1 31
 1 0 1 51 13800 27 0 1 0 0 40 1 0 31
 0 0 0 52 20000 30 1 0 0 0 35 1 0 31
 0 0 0 52 41200 25 1 0 0 0 50 0 0 31
 1 0 1 52 22000 25 0 1 0 0 40 0 0 31
 1 1 0 52 20197 39 0 1 0 0 40 0 0 31
 0 0 1 52 20000 40 0 0 0 0 40 0 0 31
 0 0 0 52 30000 44 0 0 0 0 80 0 1 31
 1 0 0 52 19000 62 0 0 0 0 35 0 1 31
 0 1 0 52 41000 37 1 0 0 0 40 0 1 31
 1 0 1 52 18000 33 0 0 0 0 40 0 1 31
 0 1 0 52 32000 53 0 0 0 0 40 0 1 31
 1 1 0 50 15000 29 0 0 0 0 40 0 1 31
 0 1 0 52 40000 43 0 0 0 0 45 0 1 31
 1 1 0 52 20000 64 0 0 0 0 38 0 1 31
 0 1 0 52 108000 46 0 0 0 0 40 0 1 31
 1 0 1 52 22000 52 0 0 0 0 35 1 0 31
 1 0 1 52 40000 26 1 0 0 0 48 0 0 31
 1 1 0 52 46500 43 0 1 0 0 60 0 0 31
 1 1 0 52 12000 50 1 0 0 0 40 0 0 31
 0 0 1 52 29120 32 1 0 0 0 40 0 0 31
 0 0 0 52 19000 46 0 0 0 0 36 1 0 31
 0 0 0 52 15000 53 0 0 0 0 50 1 0 31
 1 0 0 52 27560 44 0 0 0 0 35 0 1 31
 1 1 0 52 22000 48 0 0 0 0 36 0 1 31
 0 1 0 52 38000 47 0 0 0 0 40 0 1 31
 0 0 0 52 23000 26 1 0 0 0 40 0 1 31
